solid hull_mid_body_left
  facet normal 0.000000 -0.995185 -0.098017
    outer loop
      vertex 120.0000 42.0000 0.0000
      vertex 140.0000 42.0000 0.0000
      vertex 140.0000 41.1930 8.1938
    endloop
  endfacet
  facet normal 0.000000 -0.995185 -0.098017
    outer loop
      vertex 120.0000 42.0000 0.0000
      vertex 140.0000 41.1930 8.1938
      vertex 120.0000 41.1930 8.1938
    endloop
  endfacet
  facet normal 0.000000 0.995185 0.098017
    outer loop
      vertex 120.0000 42.0000 0.0000
      vertex 120.0000 41.1930 8.1938
      vertex 140.0000 41.1930 8.1938
    endloop
  endfacet
  facet normal -0.000000 0.995185 0.098017
    outer loop
      vertex 120.0000 42.0000 0.0000
      vertex 140.0000 41.1930 8.1938
      vertex 140.0000 42.0000 0.0000
    endloop
  endfacet
  facet normal 0.000000 -0.956940 -0.290285
    outer loop
      vertex 120.0000 41.1930 8.1938
      vertex 140.0000 41.1930 8.1938
      vertex 140.0000 38.8029 16.0727
    endloop
  endfacet
  facet normal 0.000000 -0.956940 -0.290285
    outer loop
      vertex 120.0000 41.1930 8.1938
      vertex 140.0000 38.8029 16.0727
      vertex 120.0000 38.8029 16.0727
    endloop
  endfacet
  facet normal 0.000000 0.956940 0.290285
    outer loop
      vertex 120.0000 41.1930 8.1938
      vertex 120.0000 38.8029 16.0727
      vertex 140.0000 38.8029 16.0727
    endloop
  endfacet
  facet normal -0.000000 0.956940 0.290285
    outer loop
      vertex 120.0000 41.1930 8.1938
      vertex 140.0000 38.8029 16.0727
      vertex 140.0000 41.1930 8.1938
    endloop
  endfacet
  facet normal 0.000000 -0.881921 -0.471397
    outer loop
      vertex 120.0000 38.8029 16.0727
      vertex 140.0000 38.8029 16.0727
      vertex 140.0000 34.9217 23.3339
    endloop
  endfacet
  facet normal 0.000000 -0.881921 -0.471397
    outer loop
      vertex 120.0000 38.8029 16.0727
      vertex 140.0000 34.9217 23.3339
      vertex 120.0000 34.9217 23.3339
    endloop
  endfacet
  facet normal 0.000000 0.881921 0.471397
    outer loop
      vertex 120.0000 38.8029 16.0727
      vertex 120.0000 34.9217 23.3339
      vertex 140.0000 34.9217 23.3339
    endloop
  endfacet
  facet normal -0.000000 0.881921 0.471397
    outer loop
      vertex 120.0000 38.8029 16.0727
      vertex 140.0000 34.9217 23.3339
      vertex 140.0000 38.8029 16.0727
    endloop
  endfacet
  facet normal 0.000000 -0.773010 -0.634393
    outer loop
      vertex 120.0000 34.9217 23.3339
      vertex 140.0000 34.9217 23.3339
      vertex 140.0000 29.6985 29.6985
    endloop
  endfacet
  facet normal 0.000000 -0.773010 -0.634393
    outer loop
      vertex 120.0000 34.9217 23.3339
      vertex 140.0000 29.6985 29.6985
      vertex 120.0000 29.6985 29.6985
    endloop
  endfacet
  facet normal 0.000000 0.773010 0.634393
    outer loop
      vertex 120.0000 34.9217 23.3339
      vertex 120.0000 29.6985 29.6985
      vertex 140.0000 29.6985 29.6985
    endloop
  endfacet
  facet normal -0.000000 0.773010 0.634393
    outer loop
      vertex 120.0000 34.9217 23.3339
      vertex 140.0000 29.6985 29.6985
      vertex 140.0000 34.9217 23.3339
    endloop
  endfacet
  facet normal 0.000000 -0.634393 -0.773010
    outer loop
      vertex 120.0000 29.6985 29.6985
      vertex 140.0000 29.6985 29.6985
      vertex 140.0000 23.3339 34.9217
    endloop
  endfacet
  facet normal 0.000000 -0.634393 -0.773010
    outer loop
      vertex 120.0000 29.6985 29.6985
      vertex 140.0000 23.3339 34.9217
      vertex 120.0000 23.3339 34.9217
    endloop
  endfacet
  facet normal 0.000000 0.634393 0.773010
    outer loop
      vertex 120.0000 29.6985 29.6985
      vertex 120.0000 23.3339 34.9217
      vertex 140.0000 23.3339 34.9217
    endloop
  endfacet
  facet normal -0.000000 0.634393 0.773010
    outer loop
      vertex 120.0000 29.6985 29.6985
      vertex 140.0000 23.3339 34.9217
      vertex 140.0000 29.6985 29.6985
    endloop
  endfacet
  facet normal 0.000000 -0.471397 -0.881921
    outer loop
      vertex 120.0000 23.3339 34.9217
      vertex 140.0000 23.3339 34.9217
      vertex 140.0000 16.0727 38.8029
    endloop
  endfacet
  facet normal 0.000000 -0.471397 -0.881921
    outer loop
      vertex 120.0000 23.3339 34.9217
      vertex 140.0000 16.0727 38.8029
      vertex 120.0000 16.0727 38.8029
    endloop
  endfacet
  facet normal 0.000000 0.471397 0.881921
    outer loop
      vertex 120.0000 23.3339 34.9217
      vertex 120.0000 16.0727 38.8029
      vertex 140.0000 16.0727 38.8029
    endloop
  endfacet
  facet normal -0.000000 0.471397 0.881921
    outer loop
      vertex 120.0000 23.3339 34.9217
      vertex 140.0000 16.0727 38.8029
      vertex 140.0000 23.3339 34.9217
    endloop
  endfacet
  facet normal 0.000000 -0.290285 -0.956940
    outer loop
      vertex 120.0000 16.0727 38.8029
      vertex 140.0000 16.0727 38.8029
      vertex 140.0000 8.1938 41.1930
    endloop
  endfacet
  facet normal 0.000000 -0.290285 -0.956940
    outer loop
      vertex 120.0000 16.0727 38.8029
      vertex 140.0000 8.1938 41.1930
      vertex 120.0000 8.1938 41.1930
    endloop
  endfacet
  facet normal 0.000000 0.290285 0.956940
    outer loop
      vertex 120.0000 16.0727 38.8029
      vertex 120.0000 8.1938 41.1930
      vertex 140.0000 8.1938 41.1930
    endloop
  endfacet
  facet normal -0.000000 0.290285 0.956940
    outer loop
      vertex 120.0000 16.0727 38.8029
      vertex 140.0000 8.1938 41.1930
      vertex 140.0000 16.0727 38.8029
    endloop
  endfacet
  facet normal 0.000000 -0.098017 -0.995185
    outer loop
      vertex 120.0000 8.1938 41.1930
      vertex 140.0000 8.1938 41.1930
      vertex 140.0000 0.0000 42.0000
    endloop
  endfacet
  facet normal 0.000000 -0.098017 -0.995185
    outer loop
      vertex 120.0000 8.1938 41.1930
      vertex 140.0000 0.0000 42.0000
      vertex 120.0000 0.0000 42.0000
    endloop
  endfacet
  facet normal 0.000000 0.098017 0.995185
    outer loop
      vertex 120.0000 8.1938 41.1930
      vertex 120.0000 0.0000 42.0000
      vertex 140.0000 0.0000 42.0000
    endloop
  endfacet
  facet normal -0.000000 0.098017 0.995185
    outer loop
      vertex 120.0000 8.1938 41.1930
      vertex 140.0000 0.0000 42.0000
      vertex 140.0000 8.1938 41.1930
    endloop
  endfacet
  facet normal 0.000000 0.098017 -0.995185
    outer loop
      vertex 120.0000 0.0000 42.0000
      vertex 140.0000 0.0000 42.0000
      vertex 140.0000 -8.1938 41.1930
    endloop
  endfacet
  facet normal 0.000000 0.098017 -0.995185
    outer loop
      vertex 120.0000 0.0000 42.0000
      vertex 140.0000 -8.1938 41.1930
      vertex 120.0000 -8.1938 41.1930
    endloop
  endfacet
  facet normal 0.000000 -0.098017 0.995185
    outer loop
      vertex 120.0000 0.0000 42.0000
      vertex 120.0000 -8.1938 41.1930
      vertex 140.0000 -8.1938 41.1930
    endloop
  endfacet
  facet normal 0.000000 -0.098017 0.995185
    outer loop
      vertex 120.0000 0.0000 42.0000
      vertex 140.0000 -8.1938 41.1930
      vertex 140.0000 0.0000 42.0000
    endloop
  endfacet
  facet normal 0.000000 0.290285 -0.956940
    outer loop
      vertex 120.0000 -8.1938 41.1930
      vertex 140.0000 -8.1938 41.1930
      vertex 140.0000 -16.0727 38.8029
    endloop
  endfacet
  facet normal 0.000000 0.290285 -0.956940
    outer loop
      vertex 120.0000 -8.1938 41.1930
      vertex 140.0000 -16.0727 38.8029
      vertex 120.0000 -16.0727 38.8029
    endloop
  endfacet
  facet normal 0.000000 -0.290285 0.956940
    outer loop
      vertex 120.0000 -8.1938 41.1930
      vertex 120.0000 -16.0727 38.8029
      vertex 140.0000 -16.0727 38.8029
    endloop
  endfacet
  facet normal 0.000000 -0.290285 0.956940
    outer loop
      vertex 120.0000 -8.1938 41.1930
      vertex 140.0000 -16.0727 38.8029
      vertex 140.0000 -8.1938 41.1930
    endloop
  endfacet
  facet normal 0.000000 0.471397 -0.881921
    outer loop
      vertex 120.0000 -16.0727 38.8029
      vertex 140.0000 -16.0727 38.8029
      vertex 140.0000 -23.3339 34.9217
    endloop
  endfacet
  facet normal 0.000000 0.471397 -0.881921
    outer loop
      vertex 120.0000 -16.0727 38.8029
      vertex 140.0000 -23.3339 34.9217
      vertex 120.0000 -23.3339 34.9217
    endloop
  endfacet
  facet normal 0.000000 -0.471397 0.881921
    outer loop
      vertex 120.0000 -16.0727 38.8029
      vertex 120.0000 -23.3339 34.9217
      vertex 140.0000 -23.3339 34.9217
    endloop
  endfacet
  facet normal 0.000000 -0.471397 0.881921
    outer loop
      vertex 120.0000 -16.0727 38.8029
      vertex 140.0000 -23.3339 34.9217
      vertex 140.0000 -16.0727 38.8029
    endloop
  endfacet
  facet normal 0.000000 0.634393 -0.773010
    outer loop
      vertex 120.0000 -23.3339 34.9217
      vertex 140.0000 -23.3339 34.9217
      vertex 140.0000 -29.6985 29.6985
    endloop
  endfacet
  facet normal 0.000000 0.634393 -0.773010
    outer loop
      vertex 120.0000 -23.3339 34.9217
      vertex 140.0000 -29.6985 29.6985
      vertex 120.0000 -29.6985 29.6985
    endloop
  endfacet
  facet normal 0.000000 -0.634393 0.773010
    outer loop
      vertex 120.0000 -23.3339 34.9217
      vertex 120.0000 -29.6985 29.6985
      vertex 140.0000 -29.6985 29.6985
    endloop
  endfacet
  facet normal 0.000000 -0.634393 0.773010
    outer loop
      vertex 120.0000 -23.3339 34.9217
      vertex 140.0000 -29.6985 29.6985
      vertex 140.0000 -23.3339 34.9217
    endloop
  endfacet
  facet normal 0.000000 0.773010 -0.634393
    outer loop
      vertex 120.0000 -29.6985 29.6985
      vertex 140.0000 -29.6985 29.6985
      vertex 140.0000 -34.9217 23.3339
    endloop
  endfacet
  facet normal 0.000000 0.773010 -0.634393
    outer loop
      vertex 120.0000 -29.6985 29.6985
      vertex 140.0000 -34.9217 23.3339
      vertex 120.0000 -34.9217 23.3339
    endloop
  endfacet
  facet normal 0.000000 -0.773010 0.634393
    outer loop
      vertex 120.0000 -29.6985 29.6985
      vertex 120.0000 -34.9217 23.3339
      vertex 140.0000 -34.9217 23.3339
    endloop
  endfacet
  facet normal 0.000000 -0.773010 0.634393
    outer loop
      vertex 120.0000 -29.6985 29.6985
      vertex 140.0000 -34.9217 23.3339
      vertex 140.0000 -29.6985 29.6985
    endloop
  endfacet
  facet normal 0.000000 0.881921 -0.471397
    outer loop
      vertex 120.0000 -34.9217 23.3339
      vertex 140.0000 -34.9217 23.3339
      vertex 140.0000 -38.8029 16.0727
    endloop
  endfacet
  facet normal 0.000000 0.881921 -0.471397
    outer loop
      vertex 120.0000 -34.9217 23.3339
      vertex 140.0000 -38.8029 16.0727
      vertex 120.0000 -38.8029 16.0727
    endloop
  endfacet
  facet normal 0.000000 -0.881921 0.471397
    outer loop
      vertex 120.0000 -34.9217 23.3339
      vertex 120.0000 -38.8029 16.0727
      vertex 140.0000 -38.8029 16.0727
    endloop
  endfacet
  facet normal 0.000000 -0.881921 0.471397
    outer loop
      vertex 120.0000 -34.9217 23.3339
      vertex 140.0000 -38.8029 16.0727
      vertex 140.0000 -34.9217 23.3339
    endloop
  endfacet
  facet normal 0.000000 0.956940 -0.290285
    outer loop
      vertex 120.0000 -38.8029 16.0727
      vertex 140.0000 -38.8029 16.0727
      vertex 140.0000 -41.1930 8.1938
    endloop
  endfacet
  facet normal 0.000000 0.956940 -0.290285
    outer loop
      vertex 120.0000 -38.8029 16.0727
      vertex 140.0000 -41.1930 8.1938
      vertex 120.0000 -41.1930 8.1938
    endloop
  endfacet
  facet normal 0.000000 -0.956940 0.290285
    outer loop
      vertex 120.0000 -38.8029 16.0727
      vertex 120.0000 -41.1930 8.1938
      vertex 140.0000 -41.1930 8.1938
    endloop
  endfacet
  facet normal 0.000000 -0.956940 0.290285
    outer loop
      vertex 120.0000 -38.8029 16.0727
      vertex 140.0000 -41.1930 8.1938
      vertex 140.0000 -38.8029 16.0727
    endloop
  endfacet
  facet normal 0.000000 0.995185 -0.098017
    outer loop
      vertex 120.0000 -41.1930 8.1938
      vertex 140.0000 -41.1930 8.1938
      vertex 140.0000 -42.0000 0.0000
    endloop
  endfacet
  facet normal 0.000000 0.995185 -0.098017
    outer loop
      vertex 120.0000 -41.1930 8.1938
      vertex 140.0000 -42.0000 0.0000
      vertex 120.0000 -42.0000 0.0000
    endloop
  endfacet
  facet normal 0.000000 -0.995185 0.098017
    outer loop
      vertex 120.0000 -41.1930 8.1938
      vertex 120.0000 -42.0000 0.0000
      vertex 140.0000 -42.0000 0.0000
    endloop
  endfacet
  facet normal 0.000000 -0.995185 0.098017
    outer loop
      vertex 120.0000 -41.1930 8.1938
      vertex 140.0000 -42.0000 0.0000
      vertex 140.0000 -41.1930 8.1938
    endloop
  endfacet
  facet normal -0.000000 0.995185 0.098017
    outer loop
      vertex 120.0000 -42.0000 0.0000
      vertex 140.0000 -42.0000 0.0000
      vertex 140.0000 -41.1930 -8.1938
    endloop
  endfacet
  facet normal 0.000000 0.995185 0.098017
    outer loop
      vertex 120.0000 -42.0000 0.0000
      vertex 140.0000 -41.1930 -8.1938
      vertex 120.0000 -41.1930 -8.1938
    endloop
  endfacet
  facet normal 0.000000 -0.995185 -0.098017
    outer loop
      vertex 120.0000 -42.0000 0.0000
      vertex 120.0000 -41.1930 -8.1938
      vertex 140.0000 -41.1930 -8.1938
    endloop
  endfacet
  facet normal 0.000000 -0.995185 -0.098017
    outer loop
      vertex 120.0000 -42.0000 0.0000
      vertex 140.0000 -41.1930 -8.1938
      vertex 140.0000 -42.0000 0.0000
    endloop
  endfacet
  facet normal -0.000000 0.956940 0.290285
    outer loop
      vertex 120.0000 -41.1930 -8.1938
      vertex 140.0000 -41.1930 -8.1938
      vertex 140.0000 -38.8029 -16.0727
    endloop
  endfacet
  facet normal 0.000000 0.956940 0.290285
    outer loop
      vertex 120.0000 -41.1930 -8.1938
      vertex 140.0000 -38.8029 -16.0727
      vertex 120.0000 -38.8029 -16.0727
    endloop
  endfacet
  facet normal 0.000000 -0.956940 -0.290285
    outer loop
      vertex 120.0000 -41.1930 -8.1938
      vertex 120.0000 -38.8029 -16.0727
      vertex 140.0000 -38.8029 -16.0727
    endloop
  endfacet
  facet normal 0.000000 -0.956940 -0.290285
    outer loop
      vertex 120.0000 -41.1930 -8.1938
      vertex 140.0000 -38.8029 -16.0727
      vertex 140.0000 -41.1930 -8.1938
    endloop
  endfacet
  facet normal -0.000000 0.881921 0.471397
    outer loop
      vertex 120.0000 -38.8029 -16.0727
      vertex 140.0000 -38.8029 -16.0727
      vertex 140.0000 -34.9217 -23.3339
    endloop
  endfacet
  facet normal 0.000000 0.881921 0.471397
    outer loop
      vertex 120.0000 -38.8029 -16.0727
      vertex 140.0000 -34.9217 -23.3339
      vertex 120.0000 -34.9217 -23.3339
    endloop
  endfacet
  facet normal 0.000000 -0.881921 -0.471397
    outer loop
      vertex 120.0000 -38.8029 -16.0727
      vertex 120.0000 -34.9217 -23.3339
      vertex 140.0000 -34.9217 -23.3339
    endloop
  endfacet
  facet normal 0.000000 -0.881921 -0.471397
    outer loop
      vertex 120.0000 -38.8029 -16.0727
      vertex 140.0000 -34.9217 -23.3339
      vertex 140.0000 -38.8029 -16.0727
    endloop
  endfacet
  facet normal -0.000000 0.773010 0.634393
    outer loop
      vertex 120.0000 -34.9217 -23.3339
      vertex 140.0000 -34.9217 -23.3339
      vertex 140.0000 -29.6985 -29.6985
    endloop
  endfacet
  facet normal 0.000000 0.773010 0.634393
    outer loop
      vertex 120.0000 -34.9217 -23.3339
      vertex 140.0000 -29.6985 -29.6985
      vertex 120.0000 -29.6985 -29.6985
    endloop
  endfacet
  facet normal 0.000000 -0.773010 -0.634393
    outer loop
      vertex 120.0000 -34.9217 -23.3339
      vertex 120.0000 -29.6985 -29.6985
      vertex 140.0000 -29.6985 -29.6985
    endloop
  endfacet
  facet normal 0.000000 -0.773010 -0.634393
    outer loop
      vertex 120.0000 -34.9217 -23.3339
      vertex 140.0000 -29.6985 -29.6985
      vertex 140.0000 -34.9217 -23.3339
    endloop
  endfacet
  facet normal -0.000000 0.634393 0.773010
    outer loop
      vertex 120.0000 -29.6985 -29.6985
      vertex 140.0000 -29.6985 -29.6985
      vertex 140.0000 -23.3339 -34.9217
    endloop
  endfacet
  facet normal 0.000000 0.634393 0.773010
    outer loop
      vertex 120.0000 -29.6985 -29.6985
      vertex 140.0000 -23.3339 -34.9217
      vertex 120.0000 -23.3339 -34.9217
    endloop
  endfacet
  facet normal 0.000000 -0.634393 -0.773010
    outer loop
      vertex 120.0000 -29.6985 -29.6985
      vertex 120.0000 -23.3339 -34.9217
      vertex 140.0000 -23.3339 -34.9217
    endloop
  endfacet
  facet normal 0.000000 -0.634393 -0.773010
    outer loop
      vertex 120.0000 -29.6985 -29.6985
      vertex 140.0000 -23.3339 -34.9217
      vertex 140.0000 -29.6985 -29.6985
    endloop
  endfacet
  facet normal -0.000000 0.471397 0.881921
    outer loop
      vertex 120.0000 -23.3339 -34.9217
      vertex 140.0000 -23.3339 -34.9217
      vertex 140.0000 -16.0727 -38.8029
    endloop
  endfacet
  facet normal 0.000000 0.471397 0.881921
    outer loop
      vertex 120.0000 -23.3339 -34.9217
      vertex 140.0000 -16.0727 -38.8029
      vertex 120.0000 -16.0727 -38.8029
    endloop
  endfacet
  facet normal 0.000000 -0.471397 -0.881921
    outer loop
      vertex 120.0000 -23.3339 -34.9217
      vertex 120.0000 -16.0727 -38.8029
      vertex 140.0000 -16.0727 -38.8029
    endloop
  endfacet
  facet normal 0.000000 -0.471397 -0.881921
    outer loop
      vertex 120.0000 -23.3339 -34.9217
      vertex 140.0000 -16.0727 -38.8029
      vertex 140.0000 -23.3339 -34.9217
    endloop
  endfacet
  facet normal -0.000000 0.290285 0.956940
    outer loop
      vertex 120.0000 -16.0727 -38.8029
      vertex 140.0000 -16.0727 -38.8029
      vertex 140.0000 -8.1938 -41.1930
    endloop
  endfacet
  facet normal 0.000000 0.290285 0.956940
    outer loop
      vertex 120.0000 -16.0727 -38.8029
      vertex 140.0000 -8.1938 -41.1930
      vertex 120.0000 -8.1938 -41.1930
    endloop
  endfacet
  facet normal 0.000000 -0.290285 -0.956940
    outer loop
      vertex 120.0000 -16.0727 -38.8029
      vertex 120.0000 -8.1938 -41.1930
      vertex 140.0000 -8.1938 -41.1930
    endloop
  endfacet
  facet normal 0.000000 -0.290285 -0.956940
    outer loop
      vertex 120.0000 -16.0727 -38.8029
      vertex 140.0000 -8.1938 -41.1930
      vertex 140.0000 -16.0727 -38.8029
    endloop
  endfacet
  facet normal -0.000000 0.098017 0.995185
    outer loop
      vertex 120.0000 -8.1938 -41.1930
      vertex 140.0000 -8.1938 -41.1930
      vertex 140.0000 -0.0000 -42.0000
    endloop
  endfacet
  facet normal 0.000000 0.098017 0.995185
    outer loop
      vertex 120.0000 -8.1938 -41.1930
      vertex 140.0000 -0.0000 -42.0000
      vertex 120.0000 -0.0000 -42.0000
    endloop
  endfacet
  facet normal 0.000000 -0.098017 -0.995185
    outer loop
      vertex 120.0000 -8.1938 -41.1930
      vertex 120.0000 -0.0000 -42.0000
      vertex 140.0000 -0.0000 -42.0000
    endloop
  endfacet
  facet normal 0.000000 -0.098017 -0.995185
    outer loop
      vertex 120.0000 -8.1938 -41.1930
      vertex 140.0000 -0.0000 -42.0000
      vertex 140.0000 -8.1938 -41.1930
    endloop
  endfacet
  facet normal 0.000000 -0.098017 0.995185
    outer loop
      vertex 120.0000 -0.0000 -42.0000
      vertex 140.0000 -0.0000 -42.0000
      vertex 140.0000 8.1938 -41.1930
    endloop
  endfacet
  facet normal 0.000000 -0.098017 0.995185
    outer loop
      vertex 120.0000 -0.0000 -42.0000
      vertex 140.0000 8.1938 -41.1930
      vertex 120.0000 8.1938 -41.1930
    endloop
  endfacet
  facet normal 0.000000 0.098017 -0.995185
    outer loop
      vertex 120.0000 -0.0000 -42.0000
      vertex 120.0000 8.1938 -41.1930
      vertex 140.0000 8.1938 -41.1930
    endloop
  endfacet
  facet normal 0.000000 0.098017 -0.995185
    outer loop
      vertex 120.0000 -0.0000 -42.0000
      vertex 140.0000 8.1938 -41.1930
      vertex 140.0000 -0.0000 -42.0000
    endloop
  endfacet
  facet normal 0.000000 -0.290285 0.956940
    outer loop
      vertex 120.0000 8.1938 -41.1930
      vertex 140.0000 8.1938 -41.1930
      vertex 140.0000 16.0727 -38.8029
    endloop
  endfacet
  facet normal 0.000000 -0.290285 0.956940
    outer loop
      vertex 120.0000 8.1938 -41.1930
      vertex 140.0000 16.0727 -38.8029
      vertex 120.0000 16.0727 -38.8029
    endloop
  endfacet
  facet normal 0.000000 0.290285 -0.956940
    outer loop
      vertex 120.0000 8.1938 -41.1930
      vertex 120.0000 16.0727 -38.8029
      vertex 140.0000 16.0727 -38.8029
    endloop
  endfacet
  facet normal 0.000000 0.290285 -0.956940
    outer loop
      vertex 120.0000 8.1938 -41.1930
      vertex 140.0000 16.0727 -38.8029
      vertex 140.0000 8.1938 -41.1930
    endloop
  endfacet
  facet normal 0.000000 -0.471397 0.881921
    outer loop
      vertex 120.0000 16.0727 -38.8029
      vertex 140.0000 16.0727 -38.8029
      vertex 140.0000 23.3339 -34.9217
    endloop
  endfacet
  facet normal 0.000000 -0.471397 0.881921
    outer loop
      vertex 120.0000 16.0727 -38.8029
      vertex 140.0000 23.3339 -34.9217
      vertex 120.0000 23.3339 -34.9217
    endloop
  endfacet
  facet normal 0.000000 0.471397 -0.881921
    outer loop
      vertex 120.0000 16.0727 -38.8029
      vertex 120.0000 23.3339 -34.9217
      vertex 140.0000 23.3339 -34.9217
    endloop
  endfacet
  facet normal 0.000000 0.471397 -0.881921
    outer loop
      vertex 120.0000 16.0727 -38.8029
      vertex 140.0000 23.3339 -34.9217
      vertex 140.0000 16.0727 -38.8029
    endloop
  endfacet
  facet normal 0.000000 -0.634393 0.773010
    outer loop
      vertex 120.0000 23.3339 -34.9217
      vertex 140.0000 23.3339 -34.9217
      vertex 140.0000 29.6985 -29.6985
    endloop
  endfacet
  facet normal 0.000000 -0.634393 0.773010
    outer loop
      vertex 120.0000 23.3339 -34.9217
      vertex 140.0000 29.6985 -29.6985
      vertex 120.0000 29.6985 -29.6985
    endloop
  endfacet
  facet normal 0.000000 0.634393 -0.773010
    outer loop
      vertex 120.0000 23.3339 -34.9217
      vertex 120.0000 29.6985 -29.6985
      vertex 140.0000 29.6985 -29.6985
    endloop
  endfacet
  facet normal 0.000000 0.634393 -0.773010
    outer loop
      vertex 120.0000 23.3339 -34.9217
      vertex 140.0000 29.6985 -29.6985
      vertex 140.0000 23.3339 -34.9217
    endloop
  endfacet
  facet normal 0.000000 -0.773010 0.634393
    outer loop
      vertex 120.0000 29.6985 -29.6985
      vertex 140.0000 29.6985 -29.6985
      vertex 140.0000 34.9217 -23.3339
    endloop
  endfacet
  facet normal 0.000000 -0.773010 0.634393
    outer loop
      vertex 120.0000 29.6985 -29.6985
      vertex 140.0000 34.9217 -23.3339
      vertex 120.0000 34.9217 -23.3339
    endloop
  endfacet
  facet normal 0.000000 0.773010 -0.634393
    outer loop
      vertex 120.0000 29.6985 -29.6985
      vertex 120.0000 34.9217 -23.3339
      vertex 140.0000 34.9217 -23.3339
    endloop
  endfacet
  facet normal 0.000000 0.773010 -0.634393
    outer loop
      vertex 120.0000 29.6985 -29.6985
      vertex 140.0000 34.9217 -23.3339
      vertex 140.0000 29.6985 -29.6985
    endloop
  endfacet
  facet normal 0.000000 -0.881921 0.471397
    outer loop
      vertex 120.0000 34.9217 -23.3339
      vertex 140.0000 34.9217 -23.3339
      vertex 140.0000 38.8029 -16.0727
    endloop
  endfacet
  facet normal 0.000000 -0.881921 0.471397
    outer loop
      vertex 120.0000 34.9217 -23.3339
      vertex 140.0000 38.8029 -16.0727
      vertex 120.0000 38.8029 -16.0727
    endloop
  endfacet
  facet normal 0.000000 0.881921 -0.471397
    outer loop
      vertex 120.0000 34.9217 -23.3339
      vertex 120.0000 38.8029 -16.0727
      vertex 140.0000 38.8029 -16.0727
    endloop
  endfacet
  facet normal 0.000000 0.881921 -0.471397
    outer loop
      vertex 120.0000 34.9217 -23.3339
      vertex 140.0000 38.8029 -16.0727
      vertex 140.0000 34.9217 -23.3339
    endloop
  endfacet
  facet normal 0.000000 -0.956940 0.290285
    outer loop
      vertex 120.0000 38.8029 -16.0727
      vertex 140.0000 38.8029 -16.0727
      vertex 140.0000 41.1930 -8.1938
    endloop
  endfacet
  facet normal 0.000000 -0.956940 0.290285
    outer loop
      vertex 120.0000 38.8029 -16.0727
      vertex 140.0000 41.1930 -8.1938
      vertex 120.0000 41.1930 -8.1938
    endloop
  endfacet
  facet normal 0.000000 0.956940 -0.290285
    outer loop
      vertex 120.0000 38.8029 -16.0727
      vertex 120.0000 41.1930 -8.1938
      vertex 140.0000 41.1930 -8.1938
    endloop
  endfacet
  facet normal 0.000000 0.956940 -0.290285
    outer loop
      vertex 120.0000 38.8029 -16.0727
      vertex 140.0000 41.1930 -8.1938
      vertex 140.0000 38.8029 -16.0727
    endloop
  endfacet
  facet normal 0.000000 -0.995185 0.098017
    outer loop
      vertex 120.0000 41.1930 -8.1938
      vertex 140.0000 41.1930 -8.1938
      vertex 140.0000 42.0000 -0.0000
    endloop
  endfacet
  facet normal 0.000000 -0.995185 0.098017
    outer loop
      vertex 120.0000 41.1930 -8.1938
      vertex 140.0000 42.0000 -0.0000
      vertex 120.0000 42.0000 -0.0000
    endloop
  endfacet
  facet normal 0.000000 0.995185 -0.098017
    outer loop
      vertex 120.0000 41.1930 -8.1938
      vertex 120.0000 42.0000 -0.0000
      vertex 140.0000 42.0000 -0.0000
    endloop
  endfacet
  facet normal 0.000000 0.995185 -0.098017
    outer loop
      vertex 120.0000 41.1930 -8.1938
      vertex 140.0000 42.0000 -0.0000
      vertex 140.0000 41.1930 -8.1938
    endloop
  endfacet
  facet normal -0.079364 -0.992046 -0.097708
    outer loop
      vertex 140.0000 42.0000 0.0000
      vertex 165.0000 40.0000 0.0000
      vertex 165.0000 39.2314 7.8036
    endloop
  endfacet
  facet normal -0.079364 -0.992046 -0.097708
    outer loop
      vertex 140.0000 42.0000 0.0000
      vertex 165.0000 39.2314 7.8036
      vertex 140.0000 41.1930 8.1938
    endloop
  endfacet
  facet normal 0.079364 0.992046 0.097708
    outer loop
      vertex 140.0000 42.0000 0.0000
      vertex 140.0000 41.1930 8.1938
      vertex 165.0000 39.2314 7.8036
    endloop
  endfacet
  facet normal 0.079364 0.992046 0.097708
    outer loop
      vertex 140.0000 42.0000 0.0000
      vertex 165.0000 39.2314 7.8036
      vertex 165.0000 40.0000 0.0000
    endloop
  endfacet
  facet normal -0.079364 -0.953922 -0.289369
    outer loop
      vertex 140.0000 41.1930 8.1938
      vertex 165.0000 39.2314 7.8036
      vertex 165.0000 36.9552 15.3073
    endloop
  endfacet
  facet normal -0.079364 -0.953922 -0.289369
    outer loop
      vertex 140.0000 41.1930 8.1938
      vertex 165.0000 36.9552 15.3073
      vertex 140.0000 38.8029 16.0727
    endloop
  endfacet
  facet normal 0.079364 0.953922 0.289369
    outer loop
      vertex 140.0000 41.1930 8.1938
      vertex 140.0000 38.8029 16.0727
      vertex 165.0000 36.9552 15.3073
    endloop
  endfacet
  facet normal 0.079364 0.953922 0.289369
    outer loop
      vertex 140.0000 41.1930 8.1938
      vertex 165.0000 36.9552 15.3073
      vertex 165.0000 39.2314 7.8036
    endloop
  endfacet
  facet normal -0.079364 -0.879139 -0.469910
    outer loop
      vertex 140.0000 38.8029 16.0727
      vertex 165.0000 36.9552 15.3073
      vertex 165.0000 33.2588 22.2228
    endloop
  endfacet
  facet normal -0.079364 -0.879139 -0.469910
    outer loop
      vertex 140.0000 38.8029 16.0727
      vertex 165.0000 33.2588 22.2228
      vertex 140.0000 34.9217 23.3339
    endloop
  endfacet
  facet normal 0.079364 0.879139 0.469910
    outer loop
      vertex 140.0000 38.8029 16.0727
      vertex 140.0000 34.9217 23.3339
      vertex 165.0000 33.2588 22.2228
    endloop
  endfacet
  facet normal 0.079364 0.879139 0.469910
    outer loop
      vertex 140.0000 38.8029 16.0727
      vertex 165.0000 33.2588 22.2228
      vertex 165.0000 36.9552 15.3073
    endloop
  endfacet
  facet normal -0.079364 -0.770572 -0.632392
    outer loop
      vertex 140.0000 34.9217 23.3339
      vertex 165.0000 33.2588 22.2228
      vertex 165.0000 28.2843 28.2843
    endloop
  endfacet
  facet normal -0.079364 -0.770572 -0.632392
    outer loop
      vertex 140.0000 34.9217 23.3339
      vertex 165.0000 28.2843 28.2843
      vertex 140.0000 29.6985 29.6985
    endloop
  endfacet
  facet normal 0.079364 0.770572 0.632392
    outer loop
      vertex 140.0000 34.9217 23.3339
      vertex 140.0000 29.6985 29.6985
      vertex 165.0000 28.2843 28.2843
    endloop
  endfacet
  facet normal 0.079364 0.770572 0.632392
    outer loop
      vertex 140.0000 34.9217 23.3339
      vertex 165.0000 28.2843 28.2843
      vertex 165.0000 33.2588 22.2228
    endloop
  endfacet
  facet normal -0.079364 -0.632392 -0.770572
    outer loop
      vertex 140.0000 29.6985 29.6985
      vertex 165.0000 28.2843 28.2843
      vertex 165.0000 22.2228 33.2588
    endloop
  endfacet
  facet normal -0.079364 -0.632392 -0.770572
    outer loop
      vertex 140.0000 29.6985 29.6985
      vertex 165.0000 22.2228 33.2588
      vertex 140.0000 23.3339 34.9217
    endloop
  endfacet
  facet normal 0.079364 0.632392 0.770572
    outer loop
      vertex 140.0000 29.6985 29.6985
      vertex 140.0000 23.3339 34.9217
      vertex 165.0000 22.2228 33.2588
    endloop
  endfacet
  facet normal 0.079364 0.632392 0.770572
    outer loop
      vertex 140.0000 29.6985 29.6985
      vertex 165.0000 22.2228 33.2588
      vertex 165.0000 28.2843 28.2843
    endloop
  endfacet
  facet normal -0.079364 -0.469910 -0.879139
    outer loop
      vertex 140.0000 23.3339 34.9217
      vertex 165.0000 22.2228 33.2588
      vertex 165.0000 15.3073 36.9552
    endloop
  endfacet
  facet normal -0.079364 -0.469910 -0.879139
    outer loop
      vertex 140.0000 23.3339 34.9217
      vertex 165.0000 15.3073 36.9552
      vertex 140.0000 16.0727 38.8029
    endloop
  endfacet
  facet normal 0.079364 0.469910 0.879139
    outer loop
      vertex 140.0000 23.3339 34.9217
      vertex 140.0000 16.0727 38.8029
      vertex 165.0000 15.3073 36.9552
    endloop
  endfacet
  facet normal 0.079364 0.469910 0.879139
    outer loop
      vertex 140.0000 23.3339 34.9217
      vertex 165.0000 15.3073 36.9552
      vertex 165.0000 22.2228 33.2588
    endloop
  endfacet
  facet normal -0.079364 -0.289369 -0.953922
    outer loop
      vertex 140.0000 16.0727 38.8029
      vertex 165.0000 15.3073 36.9552
      vertex 165.0000 7.8036 39.2314
    endloop
  endfacet
  facet normal -0.079364 -0.289369 -0.953922
    outer loop
      vertex 140.0000 16.0727 38.8029
      vertex 165.0000 7.8036 39.2314
      vertex 140.0000 8.1938 41.1930
    endloop
  endfacet
  facet normal 0.079364 0.289369 0.953922
    outer loop
      vertex 140.0000 16.0727 38.8029
      vertex 140.0000 8.1938 41.1930
      vertex 165.0000 7.8036 39.2314
    endloop
  endfacet
  facet normal 0.079364 0.289369 0.953922
    outer loop
      vertex 140.0000 16.0727 38.8029
      vertex 165.0000 7.8036 39.2314
      vertex 165.0000 15.3073 36.9552
    endloop
  endfacet
  facet normal -0.079364 -0.097708 -0.992046
    outer loop
      vertex 140.0000 8.1938 41.1930
      vertex 165.0000 7.8036 39.2314
      vertex 165.0000 0.0000 40.0000
    endloop
  endfacet
  facet normal -0.079364 -0.097708 -0.992046
    outer loop
      vertex 140.0000 8.1938 41.1930
      vertex 165.0000 0.0000 40.0000
      vertex 140.0000 0.0000 42.0000
    endloop
  endfacet
  facet normal 0.079364 0.097708 0.992046
    outer loop
      vertex 140.0000 8.1938 41.1930
      vertex 140.0000 0.0000 42.0000
      vertex 165.0000 0.0000 40.0000
    endloop
  endfacet
  facet normal 0.079364 0.097708 0.992046
    outer loop
      vertex 140.0000 8.1938 41.1930
      vertex 165.0000 0.0000 40.0000
      vertex 165.0000 7.8036 39.2314
    endloop
  endfacet
  facet normal -0.079364 0.097708 -0.992046
    outer loop
      vertex 140.0000 0.0000 42.0000
      vertex 165.0000 0.0000 40.0000
      vertex 165.0000 -7.8036 39.2314
    endloop
  endfacet
  facet normal -0.079364 0.097708 -0.992046
    outer loop
      vertex 140.0000 0.0000 42.0000
      vertex 165.0000 -7.8036 39.2314
      vertex 140.0000 -8.1938 41.1930
    endloop
  endfacet
  facet normal 0.079364 -0.097708 0.992046
    outer loop
      vertex 140.0000 0.0000 42.0000
      vertex 140.0000 -8.1938 41.1930
      vertex 165.0000 -7.8036 39.2314
    endloop
  endfacet
  facet normal 0.079364 -0.097708 0.992046
    outer loop
      vertex 140.0000 0.0000 42.0000
      vertex 165.0000 -7.8036 39.2314
      vertex 165.0000 0.0000 40.0000
    endloop
  endfacet
  facet normal -0.079364 0.289369 -0.953922
    outer loop
      vertex 140.0000 -8.1938 41.1930
      vertex 165.0000 -7.8036 39.2314
      vertex 165.0000 -15.3073 36.9552
    endloop
  endfacet
  facet normal -0.079364 0.289369 -0.953922
    outer loop
      vertex 140.0000 -8.1938 41.1930
      vertex 165.0000 -15.3073 36.9552
      vertex 140.0000 -16.0727 38.8029
    endloop
  endfacet
  facet normal 0.079364 -0.289369 0.953922
    outer loop
      vertex 140.0000 -8.1938 41.1930
      vertex 140.0000 -16.0727 38.8029
      vertex 165.0000 -15.3073 36.9552
    endloop
  endfacet
  facet normal 0.079364 -0.289369 0.953922
    outer loop
      vertex 140.0000 -8.1938 41.1930
      vertex 165.0000 -15.3073 36.9552
      vertex 165.0000 -7.8036 39.2314
    endloop
  endfacet
  facet normal -0.079364 0.469910 -0.879139
    outer loop
      vertex 140.0000 -16.0727 38.8029
      vertex 165.0000 -15.3073 36.9552
      vertex 165.0000 -22.2228 33.2588
    endloop
  endfacet
  facet normal -0.079364 0.469910 -0.879139
    outer loop
      vertex 140.0000 -16.0727 38.8029
      vertex 165.0000 -22.2228 33.2588
      vertex 140.0000 -23.3339 34.9217
    endloop
  endfacet
  facet normal 0.079364 -0.469910 0.879139
    outer loop
      vertex 140.0000 -16.0727 38.8029
      vertex 140.0000 -23.3339 34.9217
      vertex 165.0000 -22.2228 33.2588
    endloop
  endfacet
  facet normal 0.079364 -0.469910 0.879139
    outer loop
      vertex 140.0000 -16.0727 38.8029
      vertex 165.0000 -22.2228 33.2588
      vertex 165.0000 -15.3073 36.9552
    endloop
  endfacet
  facet normal -0.079364 0.632392 -0.770572
    outer loop
      vertex 140.0000 -23.3339 34.9217
      vertex 165.0000 -22.2228 33.2588
      vertex 165.0000 -28.2843 28.2843
    endloop
  endfacet
  facet normal -0.079364 0.632392 -0.770572
    outer loop
      vertex 140.0000 -23.3339 34.9217
      vertex 165.0000 -28.2843 28.2843
      vertex 140.0000 -29.6985 29.6985
    endloop
  endfacet
  facet normal 0.079364 -0.632392 0.770572
    outer loop
      vertex 140.0000 -23.3339 34.9217
      vertex 140.0000 -29.6985 29.6985
      vertex 165.0000 -28.2843 28.2843
    endloop
  endfacet
  facet normal 0.079364 -0.632392 0.770572
    outer loop
      vertex 140.0000 -23.3339 34.9217
      vertex 165.0000 -28.2843 28.2843
      vertex 165.0000 -22.2228 33.2588
    endloop
  endfacet
  facet normal -0.079364 0.770572 -0.632392
    outer loop
      vertex 140.0000 -29.6985 29.6985
      vertex 165.0000 -28.2843 28.2843
      vertex 165.0000 -33.2588 22.2228
    endloop
  endfacet
  facet normal -0.079364 0.770572 -0.632392
    outer loop
      vertex 140.0000 -29.6985 29.6985
      vertex 165.0000 -33.2588 22.2228
      vertex 140.0000 -34.9217 23.3339
    endloop
  endfacet
  facet normal 0.079364 -0.770572 0.632392
    outer loop
      vertex 140.0000 -29.6985 29.6985
      vertex 140.0000 -34.9217 23.3339
      vertex 165.0000 -33.2588 22.2228
    endloop
  endfacet
  facet normal 0.079364 -0.770572 0.632392
    outer loop
      vertex 140.0000 -29.6985 29.6985
      vertex 165.0000 -33.2588 22.2228
      vertex 165.0000 -28.2843 28.2843
    endloop
  endfacet
  facet normal -0.079364 0.879139 -0.469910
    outer loop
      vertex 140.0000 -34.9217 23.3339
      vertex 165.0000 -33.2588 22.2228
      vertex 165.0000 -36.9552 15.3073
    endloop
  endfacet
  facet normal -0.079364 0.879139 -0.469910
    outer loop
      vertex 140.0000 -34.9217 23.3339
      vertex 165.0000 -36.9552 15.3073
      vertex 140.0000 -38.8029 16.0727
    endloop
  endfacet
  facet normal 0.079364 -0.879139 0.469910
    outer loop
      vertex 140.0000 -34.9217 23.3339
      vertex 140.0000 -38.8029 16.0727
      vertex 165.0000 -36.9552 15.3073
    endloop
  endfacet
  facet normal 0.079364 -0.879139 0.469910
    outer loop
      vertex 140.0000 -34.9217 23.3339
      vertex 165.0000 -36.9552 15.3073
      vertex 165.0000 -33.2588 22.2228
    endloop
  endfacet
  facet normal -0.079364 0.953922 -0.289369
    outer loop
      vertex 140.0000 -38.8029 16.0727
      vertex 165.0000 -36.9552 15.3073
      vertex 165.0000 -39.2314 7.8036
    endloop
  endfacet
  facet normal -0.079364 0.953922 -0.289369
    outer loop
      vertex 140.0000 -38.8029 16.0727
      vertex 165.0000 -39.2314 7.8036
      vertex 140.0000 -41.1930 8.1938
    endloop
  endfacet
  facet normal 0.079364 -0.953922 0.289369
    outer loop
      vertex 140.0000 -38.8029 16.0727
      vertex 140.0000 -41.1930 8.1938
      vertex 165.0000 -39.2314 7.8036
    endloop
  endfacet
  facet normal 0.079364 -0.953922 0.289369
    outer loop
      vertex 140.0000 -38.8029 16.0727
      vertex 165.0000 -39.2314 7.8036
      vertex 165.0000 -36.9552 15.3073
    endloop
  endfacet
  facet normal -0.079364 0.992046 -0.097708
    outer loop
      vertex 140.0000 -41.1930 8.1938
      vertex 165.0000 -39.2314 7.8036
      vertex 165.0000 -40.0000 0.0000
    endloop
  endfacet
  facet normal -0.079364 0.992046 -0.097708
    outer loop
      vertex 140.0000 -41.1930 8.1938
      vertex 165.0000 -40.0000 0.0000
      vertex 140.0000 -42.0000 0.0000
    endloop
  endfacet
  facet normal 0.079364 -0.992046 0.097708
    outer loop
      vertex 140.0000 -41.1930 8.1938
      vertex 140.0000 -42.0000 0.0000
      vertex 165.0000 -40.0000 0.0000
    endloop
  endfacet
  facet normal 0.079364 -0.992046 0.097708
    outer loop
      vertex 140.0000 -41.1930 8.1938
      vertex 165.0000 -40.0000 0.0000
      vertex 165.0000 -39.2314 7.8036
    endloop
  endfacet
  facet normal -0.079364 0.992046 0.097708
    outer loop
      vertex 140.0000 -42.0000 0.0000
      vertex 165.0000 -40.0000 0.0000
      vertex 165.0000 -39.2314 -7.8036
    endloop
  endfacet
  facet normal -0.079364 0.992046 0.097708
    outer loop
      vertex 140.0000 -42.0000 0.0000
      vertex 165.0000 -39.2314 -7.8036
      vertex 140.0000 -41.1930 -8.1938
    endloop
  endfacet
  facet normal 0.079364 -0.992046 -0.097708
    outer loop
      vertex 140.0000 -42.0000 0.0000
      vertex 140.0000 -41.1930 -8.1938
      vertex 165.0000 -39.2314 -7.8036
    endloop
  endfacet
  facet normal 0.079364 -0.992046 -0.097708
    outer loop
      vertex 140.0000 -42.0000 0.0000
      vertex 165.0000 -39.2314 -7.8036
      vertex 165.0000 -40.0000 0.0000
    endloop
  endfacet
  facet normal -0.079364 0.953922 0.289369
    outer loop
      vertex 140.0000 -41.1930 -8.1938
      vertex 165.0000 -39.2314 -7.8036
      vertex 165.0000 -36.9552 -15.3073
    endloop
  endfacet
  facet normal -0.079364 0.953922 0.289369
    outer loop
      vertex 140.0000 -41.1930 -8.1938
      vertex 165.0000 -36.9552 -15.3073
      vertex 140.0000 -38.8029 -16.0727
    endloop
  endfacet
  facet normal 0.079364 -0.953922 -0.289369
    outer loop
      vertex 140.0000 -41.1930 -8.1938
      vertex 140.0000 -38.8029 -16.0727
      vertex 165.0000 -36.9552 -15.3073
    endloop
  endfacet
  facet normal 0.079364 -0.953922 -0.289369
    outer loop
      vertex 140.0000 -41.1930 -8.1938
      vertex 165.0000 -36.9552 -15.3073
      vertex 165.0000 -39.2314 -7.8036
    endloop
  endfacet
  facet normal -0.079364 0.879139 0.469910
    outer loop
      vertex 140.0000 -38.8029 -16.0727
      vertex 165.0000 -36.9552 -15.3073
      vertex 165.0000 -33.2588 -22.2228
    endloop
  endfacet
  facet normal -0.079364 0.879139 0.469910
    outer loop
      vertex 140.0000 -38.8029 -16.0727
      vertex 165.0000 -33.2588 -22.2228
      vertex 140.0000 -34.9217 -23.3339
    endloop
  endfacet
  facet normal 0.079364 -0.879139 -0.469910
    outer loop
      vertex 140.0000 -38.8029 -16.0727
      vertex 140.0000 -34.9217 -23.3339
      vertex 165.0000 -33.2588 -22.2228
    endloop
  endfacet
